Column1	pietrocurve	ourcurve								
label:x										
720										
0	1.2	1.2								
0.025	-6.42134E-08	-0.000149066								
0.05	-6.42207E-08	-0.000149075								
0.075	-6.42238E-08	-0.000149081								
0.1	-6.42237E-08	-0.000149086								
0.125	-6.4226E-08	-0.000149089								
0.15	-6.42308E-08	-0.000149092								
0.175	-6.4227E-08	-0.000149094								
0.2	-6.42269E-08	-0.000149095								
0.225	-6.42341E-08	-0.000149096								
0.25	-6.42341E-08	-0.000149097								
0.275	-6.42341E-08	-0.000149098								
0.3	-6.42341E-08	-0.000149098								
0.325	-6.42341E-08	-0.000149099								
0.35	-6.42341E-08	-0.000149099								
0.375	-6.42341E-08	-0.000149099								
0.4	-6.42341E-08	-0.000149099								
0.425	-6.42341E-08	-0.000149099								
0.45	-6.42341E-08	-0.000149099								
0.475	-6.42341E-08	-0.000149099								
0.5	-6.42414E-08	-0.000149099								
0.525	-6.42414E-08	-0.000149099								
0.55	-6.42414E-08	-0.000149099								
0.575	-6.42414E-08	-0.000149099								
0.6	-6.42414E-08	-0.000149099								
0.625	-6.42414E-08	-0.000149099								
0.65	-6.42414E-08	-0.000149099								
0.675	-6.42414E-08	-0.000149099								
0.7	-6.42414E-08	-0.000149099								
0.725	-6.42414E-08	-0.000149099								
0.75	-6.42414E-08	-0.000149099								
0.775	-6.42414E-08	-0.000149099								
0.8	-6.42414E-08	-0.000149099								
0.825	-6.42414E-08	-0.000149099								
0.85	-6.42414E-08	-0.000149099								
0.875	-6.42414E-08	-0.000149099								
0.9	-6.42414E-08	-0.000149099								
0.925	-6.42414E-08	-0.000149099								
0.95	-6.42414E-08	-0.000149099								
0.975	-6.42414E-08	-0.000149099								
1	-6.42414E-08	-0.000149099								
1.025	3.54985E-07	-7.12257E-05								
1.05	-0.0392159	-0.207518								
1.075	-0.131164	-0.421296								
1.1	-0.237562	-0.579169								
1.125	-0.342924	-0.693992								
1.15	-0.439434	-0.777489								
1.175	-0.523392	-0.838247								
1.2	-0.59357	-0.882488								
1.225	-0.650181	-0.914728								
1.25	-0.694219	-0.938238								
1.275	-0.727053	-0.955398								
1.3	-0.750171	-0.967931								
1.325	-0.765038	-0.977093								
1.35	-0.773015	-0.983797								
1.375	-0.775318	-0.988706								
1.4	-0.773013	-0.992304								
1.425	-0.767012	-0.994943								
1.45	-0.758086	-0.996881								
1.475	-0.746881	-0.998305								
1.5	-0.733933	-0.999353								
1.525	-0.719681	-1.00012								
1.55	-0.704485	-1.00069								
1.575	-0.688637	-1.00111								
1.6	-0.672371	-1.00142								
1.625	-0.655878	-1.00165								
1.65	-0.639307	-1.00182								
1.675	-0.622776	-1.00195								
1.7	-0.606381	-1.00204								
1.725	-0.590191	-1.00211								
1.75	-0.574264	-1.00216								
1.775	-0.558641	-1.0022								
1.8	-0.543353	-1.00223								
1.825	-0.528421	-1.00225								
1.85	-0.513861	-1.00226								
1.875	-0.499682	-1.00228								
1.9	-0.485889	-1.00228								
1.925	-0.472483	-1.00229								
1.95	-0.459463	-1.0023								
1.975	-0.446825	-1.0023								
2	-0.434564	-1.0023								
2.025	-0.422674	-1.0023								
2.05	-0.411147	-1.00231								
2.075	-0.399975	-1.00231								
2.1	-0.389149	-1.00231								
2.125	-0.378662	-1.00231								
2.15	-0.368502	-1.00231								
2.175	-0.358662	-1.00231								
2.2	-0.349133	-1.00231								
2.225	-0.339904	-1.00231								
2.25	-0.330968	-1.00231								
2.275	-0.322314	-1.00231								
2.3	-0.313935	-1.00231								
2.325	-0.305822	-1.00231								
2.35	-0.297966	-1.00231								
2.375	-0.29036	-1.00231								
2.4	-0.282995	-1.00231								
2.425	-0.275863	-1.00231								
2.45	-0.268958	-1.00231								
2.475	-0.262271	-1.00231								
2.5	-0.255796	-1.00231								
2.525	-0.249525	-1.00231								
2.55	-0.243453	-1.00231								
2.575	-0.237573	-1.00231								
2.6	-0.231878	-1.00231								
2.625	-0.226362	-1.00231								
2.65	-0.22102	-1.00231								
2.675	-0.215846	-1.00231								
2.7	-0.210834	-1.00231								
2.725	-0.20598	-1.00231								
2.75	-0.201277	-1.00231								
2.775	-0.196721	-1.00231								
2.8	-0.192308	-1.00231								
2.825	-0.188032	-1.00231								
2.85	-0.183889	-1.00231								
2.875	-0.179874	-1.00231								
2.9	-0.175984	-1.00231								
2.925	-0.172215	-1.00231								
2.95	-0.168562	-1.00231								
2.975	-0.165022	-1.00231								
3	-0.16159	-1.00231								
3.025	-0.158264	-1.00231								
3.05	-0.15504	-1.00231								
3.075	-0.151915	-1.00231								
3.1	-0.148885	-1.00231								
3.125	-0.145947	-1.00231								
3.15	-0.143099	-1.00231								
3.175	-0.140337	-1.00231								
3.2	-0.137659	-1.00231								
3.225	-0.135061	-1.00231								
3.25	-0.132542	-1.00231								
3.275	-0.130098	-1.00231								
3.3	-0.127727	-1.00231								
3.325	-0.125427	-1.00231								
3.35	-0.123196	-1.00231								
3.375	-0.121031	-1.00231								
3.4	-0.11893	-1.00231								
3.425	-0.116891	-1.00231								
3.45	-0.114912	-1.00231								
3.475	-0.112991	-1.00231								
3.5	-0.111127	-1.00231								
3.525	-0.109316	-1.00231								
3.55	-0.107558	-1.00231								
3.575	-0.105852	-1.00231								
3.6	-0.104194	-1.00231								
3.625	-0.102584	-1.00231								
3.65	-0.10102	-1.00231								
3.675	-0.0995004	-1.00231								
3.7	-0.0980242	-1.00231								
3.725	-0.0965897	-1.00231								
3.75	-0.0951957	-1.00231								
3.775	-0.0938407	-1.00231								
3.8	-0.0925236	-1.00231								
3.825	-0.0912431	-1.00231								
3.85	-0.089998	-1.00231								
3.875	-0.0887873	-1.00231								
3.9	-0.0876097	-1.00231								
3.925	-0.0864642	-1.00231								
3.95	-0.0853499	-1.00231								
3.975	-0.0842656	-1.00231								
4	-0.0832104	-1.00231								
4.025	-0.0821835	-1.00231								
4.05	-0.0811838	-1.00231								
4.075	-0.0802106	-1.00231								
4.1	-0.0792629	-1.00231								
4.125	-0.0783399	-1.00231								
4.15	-0.077441	-1.00231								
4.175	-0.0765652	-1.00231								
4.2	-0.0757119	-1.00231								
4.225	-0.0748803	-1.00231								
4.25	-0.0740698	-1.00231								
4.275	-0.0732796	-1.00231								
4.3	-0.0725092	-1.00231								
4.325	-0.0717579	-1.00231								
4.35	-0.0710251	-1.00231								
4.375	-0.0703102	-1.00231								
4.4	-0.0696126	-1.00231								
4.425	-0.0689319	-1.00231								
4.45	-0.0682674	-1.00231								
4.475	-0.0676187	-1.00231								
4.5	-0.0669852	-1.00231								
4.525	-0.0663666	-1.00231								
4.55	-0.0657622	-1.00231								
4.575	-0.0651718	-1.00231								
4.6	-0.0645947	-1.00231								
4.625	-0.0640307	-1.00231								
4.65	-0.0634793	-1.00231								
4.675	-0.0629402	-1.00231								
4.7	-0.0624128	-1.00231								
4.725	-0.061897	-1.00231								
4.75	-0.0613922	-1.00231								
4.775	-0.0608983	-1.00231								
4.8	-0.0604148	-1.00231								
4.825	-0.0599414	-1.00231								
4.85	-0.0594778	-1.00231								
4.875	-0.0590237	-1.00231								
4.9	-0.0585788	-1.00231								
4.925	-0.0581429	-1.00231								
4.95	-0.0577157	-1.00231								
4.975	-0.0572968	-1.00231								
5	-0.0568861	-1.00231								
5.025	-0.0564833	-1.00231								
5.05	-0.0560882	-1.00231								
5.075	-0.0557005	-1.00231								
5.1	-0.05532	-1.00231								
5.125	-0.0549464	-1.00231								
5.15	-0.0545797	-1.00231								
5.175	-0.0542196	-1.00231								
5.2	-0.0538658	-1.00231								
5.225	-0.0535183	-1.00231								
5.25	-0.0531767	-1.00231								
5.275	-0.052841	-1.00231								
5.3	-0.0525109	-1.00231								
5.325	-0.0521864	-1.00231								
5.35	-0.0518672	-1.00231								
5.375	-0.0515532	-1.00231								
5.4	-0.0512442	-1.00231								
5.425	-0.0509401	-1.00231								
5.45	-0.0506407	-1.00231								
5.475	-0.050346	-1.00231								
5.5	-0.0500557	-1.00231								
5.525	-0.0497698	-1.00231								
5.55	-0.0494882	-1.00231								
5.575	-0.0492106	-1.00231								
5.6	-0.048937	-1.00231								
5.625	-0.0486673	-1.00231								
5.65	-0.0484014	-1.00231								
5.675	-0.0481392	-1.00231								
5.7	-0.0478805	-1.00231								
5.725	-0.0476254	-1.00231								
5.75	-0.0473735	-1.00231								
5.775	-0.047125	-1.00231								
5.8	-0.0468797	-1.00231								
5.825	-0.0466375	-1.00231								
5.85	-0.0463983	-1.00231								
5.875	-0.046162	-1.00231								
5.9	-0.0459287	-1.00231								
5.925	-0.0456981	-1.00231								
5.95	-0.0454702	-1.00231								
5.975	-0.045245	-1.00231								
6	-0.0450224	-1.00231								
6.025	-0.0448023	-1.00231								
6.05	-0.0445847	-1.00231								
6.075	-0.0443694	-1.00231								
6.1	-0.0441565	-1.00231								
6.125	-0.0439458	-1.00231								
6.15	-0.0437373	-1.00231								
6.175	-0.0435311	-1.00231								
6.2	-0.0433269	-1.00231								
6.225	-0.0431248	-1.00231								
6.25	-0.0429246	-1.00231								
6.275	-0.0427265	-1.00231								
6.3	-0.0425302	-1.00231								
6.325	-0.0423359	-1.00231								
6.35	-0.0421433	-1.00231								
6.375	-0.0419525	-1.00231								
6.4	-0.0417635	-1.00231								
6.425	-0.0415762	-1.00231								
6.45	-0.0413905	-1.00231								
6.475	-0.0412065	-1.00231								
6.5	-0.041024	-1.00231								
6.525	-0.0408431	-1.00231								
6.55	-0.0406637	-1.00231								
6.575	-0.0404858	-1.00231								
6.6	-0.0403094	-1.00231								
6.625	-0.0401344	-1.00231								
6.65	-0.0399608	-1.00231								
6.675	-0.0397885	-1.00231								
6.7	-0.0396176	-1.00231								
6.725	-0.039448	-1.00231								
6.75	-0.0392797	-1.00231								
6.775	-0.0391127	-1.00231								
6.8	-0.0389468	-1.00231								
6.825	-0.0387822	-1.00231								
6.85	-0.0386188	-1.00231								
6.875	-0.0384566	-1.00231								
6.9	-0.0382954	-1.00231								
6.925	-0.0381354	-1.00231								
6.95	-0.0379765	-1.00231								
6.975	-0.0378187	-1.00231								
7	-0.037662	-1.00231								
7.025	-0.0375063	-1.00231								
7.05	-0.0373516	-1.00231								
7.075	-0.0371979	-1.00231								
7.1	-0.0370452	-1.00231								
7.125	-0.0368935	-1.00231								
7.15	-0.0367427	-1.00231								
7.175	-0.0365929	-1.00231								
7.2	-0.036444	-1.00231								
7.225	-0.036296	-1.00231								
7.25	-0.0361489	-1.00231								
7.275	-0.0360027	-1.00231								
7.3	-0.0358574	-1.00231								
7.325	-0.0357129	-1.00231								
7.35	-0.0355693	-1.00231								
7.375	-0.0354265	-1.00231								
7.4	-0.0352845	-1.00231								
7.425	-0.0351433	-1.00231								
7.45	-0.0350029	-1.00231								
7.475	-0.0348633	-1.00231								
7.5	-0.0347244	-1.00231								
7.525	-0.0345864	-1.00231								
7.55	-0.034449	-1.00231								
7.575	-0.0343124	-1.00231								
7.6	-0.0341766	-1.00231								
7.625	-0.0340415	-1.00231								
7.65	-0.0339071	-1.00231								
7.675	-0.0337733	-1.00231								
7.7	-0.0336403	-1.00231								
7.725	-0.033508	-1.00231								
7.75	-0.0333763	-1.00231								
7.775	-0.0332454	-1.00231								
7.8	-0.0331151	-1.00231								
7.825	-0.0329854	-1.00231								
7.85	-0.0328564	-1.00231								
7.875	-0.032728	-1.00231								
7.9	-0.0326003	-1.00231								
7.925	-0.0324732	-1.00231								
7.95	-0.0323467	-1.00231								
7.975	-0.0322208	-1.00231								
8	-0.0320955	-1.00231								
8.025	-0.0319709	-1.00231								
8.05	-0.0318468	-1.00231								
8.075	-0.0317233	-1.00231								
8.1	-0.0316004	-1.00231								
8.125	-0.0314781	-1.00231								
8.15	-0.0313564	-1.00231								
8.175	-0.0312352	-1.00231								
8.2	-0.0311146	-1.00231								
8.225	-0.0309945	-1.00231								
8.25	-0.030875	-1.00231								
8.275	-0.030756	-1.00231								
8.3	-0.0306376	-1.00231								
8.325	-0.0305197	-1.00231								
8.35	-0.0304024	-1.00231								
8.375	-0.0302855	-1.00231								
8.4	-0.0301692	-1.00231								
8.425	-0.0300534	-1.00231								
8.45	-0.0299382	-1.00231								
8.475	-0.0298234	-1.00231								
8.5	-0.0297092	-1.00231								
8.525	-0.0295954	-1.00231								
8.55	-0.0294822	-1.00231								
8.575	-0.0293694	-1.00231								
8.6	-0.0292572	-1.00231								
8.625	-0.0291454	-1.00231								
8.65	-0.0290341	-1.00231								
8.675	-0.0289233	-1.00231								
8.7	-0.028813	-1.00231								
8.725	-0.0287031	-1.00231								
8.75	-0.0285937	-1.00231								
8.775	-0.0284848	-1.00231								
8.8	-0.0283764	-1.00231								
8.825	-0.0282684	-1.00231								
8.85	-0.0281609	-1.00231								
8.875	-0.0280538	-1.00231								
8.9	-0.0279472	-1.00231								
8.925	-0.027841	-1.00231								
8.95	-0.0277353	-1.00231								
8.975	-0.02763	-1.00231								
9	-0.0275251	-1.00231								
9.025	-0.0274207	-1.00231								
9.05	-0.0273168	-1.00231								
9.075	-0.0272132	-1.00231								
9.1	-0.0271101	-1.00231								
9.125	-0.0270075	-1.00231								
9.15	-0.0269052	-1.00231								
9.175	-0.0268034	-1.00231								
9.2	-0.026702	-1.00231								
9.225	-0.026601	-1.00231								
9.25	-0.0265004	-1.00231								
9.275	-0.0264002	-1.00231								
9.3	-0.0263005	-1.00231								
9.325	-0.0262012	-1.00231								
9.35	-0.0261022	-1.00231								
9.375	-0.0260037	-1.00231								
9.4	-0.0259056	-1.00231								
9.425	-0.0258078	-1.00231								
9.45	-0.0257105	-1.00231								
9.475	-0.0256136	-1.00231								
9.5	-0.025517	-1.00231								
9.525	-0.0254209	-1.00231								
9.55	-0.0253251	-1.00231								
9.575	-0.0252297	-1.00231								
9.6	-0.0251347	-1.00231								
9.625	-0.0250401	-1.00231								
9.65	-0.0249459	-1.00231								
9.675	-0.0248521	-1.00231								
9.7	-0.0247586	-1.00231								
9.725	-0.0246655	-1.00231								
9.75	-0.0245728	-1.00231								
9.775	-0.0244805	-1.00231								
9.8	-0.0243885	-1.00231								
9.825	-0.0242969	-1.00231								
9.85	-0.0242056	-1.00231								
9.875	-0.0241148	-1.00231								
9.9	-0.0240243	-1.00231								
9.925	-0.0239341	-1.00231								
9.95	-0.0238443	-1.00231								
9.975	-0.0237549	-1.00231								
10	-0.0236658	-1.00231								
10.025	-0.0235771	-1.00231								
10.05	-0.0234887	-1.00231								
10.075	-0.0234007	-1.00231								
10.1	-0.0233131	-1.00231								
10.125	-0.0232257	-1.00231								
10.15	-0.0231388	-1.00231								
10.175	-0.0230522	-1.00231								
10.2	-0.0229659	-1.00231								
10.225	-0.0228799	-1.00231								
10.25	-0.0227944	-1.00231								
10.275	-0.0227091	-1.00231								
10.3	-0.0226242	-1.00231								
10.325	-0.0225396	-1.00231								
10.35	-0.0224553	-1.00231								
10.375	-0.0223714	-1.00231								
10.4	-0.0222879	-1.00231								
10.425	-0.0222046	-1.00231								
10.45	-0.0221217	-1.00231								
10.475	-0.0220391	-1.00231								
10.5	-0.0219568	-1.00231								
10.525	-0.0218749	-1.00231								
10.55	-0.0217932	-1.00231								
10.575	-0.0217119	-1.00231								
10.6	-0.021631	-1.00231								
10.625	-0.0215503	-1.00231								
10.65	-0.02147	-1.00231								
10.675	-0.0213899	-1.00231								
10.7	-0.0213102	-1.00231								
10.725	-0.0212308	-1.00231								
10.75	-0.0211518	-1.00231								
10.775	-0.021073	-1.00231								
10.8	-0.0209945	-1.00231								
10.825	-0.0209164	-1.00231								
10.85	-0.0208385	-1.00231								
10.875	-0.020761	-1.00231								
10.9	-0.0206837	-1.00231								
10.925	-0.0206068	-1.00231								
10.95	-0.0205302	-1.00231								
10.975	-0.0204538	-1.00231								
11	-0.0203778	-1.00231								
11.025	-0.0203021	-1.00231								
11.05	-0.0202266	-1.00231								
11.075	-0.0201515	-1.00231								
11.1	-0.0200767	-1.00231								
11.125	-0.0200021	-1.00231								
11.15	-0.0199278	-1.00231								
11.175	-0.0198539	-1.00231								
11.2	-0.0197802	-1.00231								
11.225	-0.0197068	-1.00231								
11.25	-0.0196337	-1.00231								
11.275	-0.0195609	-1.00231								
11.3	-0.0194884	-1.00231								
11.325	-0.0194161	-1.00231								
11.35	-0.0193442	-1.00231								
11.375	-0.0192725	-1.00231								
11.4	-0.0192011	-1.00231								
11.425	-0.01913	-1.00231								
11.45	-0.0190591	-1.00231								
11.475	-0.0189885	-1.00231								
11.5	-0.0189183	-1.00231								
11.525	-0.0188482	-1.00231								
11.55	-0.0187785	-1.00231								
11.575	-0.018709	-1.00231								
11.6	-0.0186398	-1.00231								
11.625	-0.0185709	-1.00231								
11.65	-0.0185023	-1.00231								
11.675	-0.0184339	-1.00231								
11.7	-0.0183658	-1.00231								
11.725	-0.0182979	-1.00231								
11.75	-0.0182303	-1.00231								
11.775	-0.018163	-1.00231								
11.8	-0.0180959	-1.00231								
11.825	-0.0180291	-1.00231								
11.85	-0.0179626	-1.00231								
11.875	-0.0178963	-1.00231								
11.9	-0.0178303	-1.00231								
11.925	-0.0177645	-1.00231								
11.95	-0.017699	-1.00231								
11.975	-0.0176338	-1.00231								
12	-0.0175688	-1.00231								
12.025	-0.017504	-1.00231								
12.05	-0.0174396	-1.00231								
12.075	-0.0173753	-1.00231								
12.1	-0.0173113	-1.00231								
12.125	-0.0172476	-1.00231								
12.15	-0.0171841	-1.00231								
12.175	-0.0171209	-1.00231								
12.2	-0.0170579	-1.00231								
12.225	-0.0169952	-1.00231								
12.25	-0.0169327	-1.00231								
12.275	-0.0168704	-1.00231								
12.3	-0.0168084	-1.00231								
12.325	-0.0167466	-1.00231								
12.35	-0.0166851	-1.00231								
12.375	-0.0166238	-1.00231								
12.4	-0.0165627	-1.00231								
12.425	-0.0165019	-1.00231								
12.45	-0.0164414	-1.00231								
12.475	-0.016381	-1.00231								
12.5	-0.0163209	-1.00231								
12.525	-0.0162611	-1.00231								
12.55	-0.0162014	-1.00231								
12.575	-0.016142	-1.00231								
12.6	-0.0160828	-1.00231								
12.625	-0.0160239	-1.00231								
12.65	-0.0159652	-1.00231								
12.675	-0.0159067	-1.00231								
12.7	-0.0158485	-1.00231								
12.725	-0.0157904	-1.00231								
12.75	-0.0157326	-1.00231								
12.775	-0.0156751	-1.00231								
12.8	-0.0156177	-1.00231								
12.825	-0.0155606	-1.00231								
12.85	-0.0155037	-1.00231								
12.875	-0.015447	-1.00231								
12.9	-0.0153906	-1.00231								
12.925	-0.0153343	-1.00231								
12.95	-0.0152783	-1.00231								
12.975	-0.0152225	-1.00231								
13	-0.0151669	-1.00231								
13.025	-0.0151116	-1.00231								
13.05	-0.0150564	-1.00231								
13.075	-0.0150015	-1.00231								
13.1	-0.0149467	-1.00231								
13.125	-0.0148922	-1.00231								
13.15	-0.0148379	-1.00231								
13.175	-0.0147839	-1.00231								
13.2	-0.01473	-1.00231								
13.225	-0.0146763	-1.00231								
13.25	-0.0146229	-1.00231								
13.275	-0.0145696	-1.00231								
13.3	-0.0145166	-1.00231								
13.325	-0.0144638	-1.00231								
13.35	-0.0144111	-1.00231								
13.375	-0.0143587	-1.00231								
13.4	-0.0143065	-1.00231								
13.425	-0.0142545	-1.00231								
13.45	-0.0142027	-1.00231								
13.475	-0.0141511	-1.00231								
13.5	-0.0140997	-1.00231								
13.525	-0.0140485	-1.00231								
13.55	-0.0139975	-1.00231								
13.575	-0.0139467	-1.00231								
13.6	-0.013896	-1.00231								
13.625	-0.0138456	-1.00231								
13.65	-0.0137954	-1.00231								
13.675	-0.0137454	-1.00231								
13.7	-0.0136956	-1.00231								
13.725	-0.0136459	-1.00231								
13.75	-0.0135965	-1.00231								
13.775	-0.0135473	-1.00231								
13.8	-0.0134982	-1.00231								
13.825	-0.0134494	-1.00231								
13.85	-0.0134007	-1.00231								
13.875	-0.0133522	-1.00231								
13.9	-0.0133039	-1.00231								
13.925	-0.0132558	-1.00231								
13.95	-0.0132079	-1.00231								
13.975	-0.0131602	-1.00231								
14	-0.0131126	-1.00231								
14.025	-0.0130653	-1.00231								
14.05	-0.0130181	-1.00231								
14.075	-0.0129711	-1.00231								
14.1	-0.0129243	-1.00231								
14.125	-0.0128777	-1.00231								
14.15	-0.0128312	-1.00231								
14.175	-0.012785	-1.00231								
14.2	-0.0127389	-1.00231								
14.225	-0.012693	-1.00231								
14.25	-0.0126473	-1.00231								
14.275	-0.0126017	-1.00231								
14.3	-0.0125564	-1.00231								
14.325	-0.0125112	-1.00231								
14.35	-0.0124662	-1.00231								
14.375	-0.0124213	-1.00231								
14.4	-0.0123767	-1.00231								
14.425	-0.0123322	-1.00231								
14.45	-0.0122878	-1.00231								
14.475	-0.0122437	-1.00231								
14.5	-0.0121997	-1.00231								
14.525	-0.0121559	-1.00231								
14.55	-0.0121123	-1.00231								
14.575	-0.0120688	-1.00231								
14.6	-0.0120256	-1.00231								
14.625	-0.0119824	-1.00231								
14.65	-0.0119395	-1.00231								
14.675	-0.0118967	-1.00231								
14.7	-0.0118541	-1.00231								
14.725	-0.0118116	-1.00231								
14.75	-0.0117693	-1.00231								
14.775	-0.0117272	-1.00231								
14.8	-0.0116853	-1.00231								
14.825	-0.0116435	-1.00231								
14.85	-0.0116018	-1.00231								
14.875	-0.0115604	-1.00231								
14.9	-0.0115191	-1.00231								
14.925	-0.0114779	-1.00231								
14.95	-0.0114369	-1.00231								
14.975	-0.0113961	-1.00231								
15	-0.0113554	-1.00231								
15.025	-0.0113149	-1.00231								
15.05	-0.0112746	-1.00231								
15.075	-0.0112344	-1.00231								
15.1	-0.0111943	-1.00231								
15.125	-0.0111544	-1.00231								
15.15	-0.0111147	-1.00231								
15.175	-0.0110751	-1.00231								
15.2	-0.0110357	-1.00231								
15.225	-0.0109965	-1.00231								
15.25	-0.0109574	-1.00231								
15.275	-0.0109184	-1.00231								
15.3	-0.0108796	-1.00231								
15.325	-0.0108409	-1.00231								
15.35	-0.0108024	-1.00231								
15.375	-0.0107641	-1.00231								
15.4	-0.0107259	-1.00231								
15.425	-0.0106878	-1.00231								
15.45	-0.0106499	-1.00231								
15.475	-0.0106121	-1.00231								
15.5	-0.0105745	-1.00231								
15.525	-0.0105371	-1.00231								
15.55	-0.0104997	-1.00231								
15.575	-0.0104626	-1.00231								
15.6	-0.0104255	-1.00231								
15.625	-0.0103886	-1.00231								
15.65	-0.0103519	-1.00231								
15.675	-0.0103153	-1.00231								
15.7	-0.0102788	-1.00231								
15.725	-0.0102425	-1.00231								
15.75	-0.0102064	-1.00231								
15.775	-0.0101703	-1.00231								
15.8	-0.0101344	-1.00231								
15.825	-0.0100987	-1.00231								
15.85	-0.0100631	-1.00231								
15.875	-0.0100276	-1.00231								
15.9	-0.00999225	-1.00231								
15.925	-0.00995705	-1.00231								
15.95	-0.00992199	-1.00231								
15.975	-0.00988707	-1.00231								
16	-0.00985228	-1.00231								
16.025	-0.0209229	-2.13604								
16.05	-0.0197759	-1.62387								
16.075	-0.0183902	-1.21064								
16.1	-0.0171336	-0.901896								
16.125	-0.0159959	-0.671881								
16.15	-0.0149591	-0.500537								
16.175	-0.0140086	-0.372899								
16.2	-0.0131327	-0.277819								
16.225	-0.0123223	-0.206991								
16.25	-0.01157	-0.15423								
16.275	-0.0108696	-0.114927								
16.3	-0.010216	-0.0856498								
16.325	-0.00960518	-0.0638404								
16.35	-0.00903337	-0.0475941								
16.375	-0.00849749	-0.0354919								
16.4	-0.00799483	-0.0264768								
16.425	-0.00752297	-0.0197612								
16.45	-0.00707977	-0.0147586								
16.475	-0.00666329	-0.0110321								
16.5	-0.00627178	-0.00825613								
16.525	-0.00590363	-0.00618826								
16.55	-0.00555737	-0.00464786								
16.575	-0.00523163	-0.00350038								
16.6	-0.00492516	-0.0026456								
16.625	-0.00463677	-0.00200886								
16.65	-0.00436539	-0.00153454								
16.675	-0.00410998	-0.00118121								
16.7	-0.00386959	-0.000918004								
16.725	-0.00364333	-0.000721938								
16.75	-0.00343037	-0.000575884								
16.775	-0.0032299	-0.000467086								
16.8	-0.0030412	-0.00038604								
16.825	-0.00286357	-0.000325667								
16.85	-0.00269636	-0.000280694								
16.875	-0.00253896	-0.000247192								
16.9	-0.00239078	-0.000222237								
16.925	-0.00225129	-0.000203647								
16.95	-0.00211998	-0.000189798								
16.975	-0.00199637	-0.000179483								
17	-0.00188	-0.000171798								
17.025	-0.00177044	-0.000166074								
17.05	-0.00166731	-0.00016181								
17.075	-0.00157022	-0.000158633								
17.1	-0.00147882	-0.000156267								
17.125	-0.00139278	-0.000154504								
17.15	-0.00131177	-0.000153191								
17.175	-0.00123551	-0.000152213								
17.2	-0.00116372	-0.000151485								
17.225	-0.00109613	-0.000150942								
17.25	-0.0010325	-0.000150538								
17.275	-0.0009726	-0.000150236								
17.3	-0.000916205	-0.000150012								
17.325	-0.000863113	-0.000149845								
17.35	-0.00081313	-0.00014972								
17.375	-0.000766073	-0.000149628								
17.4	-0.000721771	-0.000149559								
17.425	-0.000680063	-0.000149507								
17.45	-0.000640796	-0.000149469								
17.475	-0.000603827	-0.00014944								
17.5	-0.000569022	-0.000149419								
17.525	-0.000536254	-0.000149403								
17.55	-0.000505403	-0.000149391								
17.575	-0.000476357	-0.000149382								
17.6	-0.00044901	-0.000149376								
17.625	-0.000423263	-0.000149371								
17.65	-0.000399022	-0.000149367								
17.675	-0.000376198	-0.000149365								
17.7	-0.000354709	-0.000149363								
17.725	-0.000334476	-0.000149361								
17.75	-0.000315425	-0.00014936								
17.775	-0.000297488	-0.000149359								
17.8	-0.000280599	-0.000149359								
17.825	-0.000264696	-0.000149358								
17.85	-0.000249723	-0.000149358								
17.875	-0.000235624	-0.000149358								
17.9	-0.000222348	-0.000149357								
17.925	-0.000209846	-0.000149357								
17.95	-0.000198075	-0.000149357								
17.975	-0.00018699	-0.000149357								
